{
  "asset": {
    "version": "2.0",
    "generator": "THREE.GLTFExporter"
  },
  "scenes": [
    {
      "nodes": [
        0
      ]
    }
  ],
  "scene": 0,
  "nodes": [
    {
      "children": [
        43
      ],
      "matrix": [
        0.01,
        0,
        0,
        0,
        0,
        0.01,
        0,
        0,
        0,
        0,
        0.01,
        0,
        0,
        0,
        0,
        1
      ]
    },
    {
      "matrix": [
        15.737527847290039,
        0,
        0,
        0,
        0,
        -0.0000025639687428060914,
        -15.73752784728983,
        0,
        0,
        15.737525939941197,
        -0.0000025639684320595547,
        0,
        4.3313588093951694e-7,
        0,
        0,
        1
      ],
      "name": "NatureChicken",
      "mesh": 0
    },
    {
      "matrix": [
        1.0000000000000002,
        0,
        0,
        0,
        0,
        0.9999999999999999,
        1.6653345369377346e-16,
        0,
        0,
        -1.6653345369377348e-16,
        1,
        0,
        6.617444900424222e-24,
        0.050736807286739294,
        5.551115123125783e-17,
        1
      ],
      "name": "ArmatureNatureChickenHeadIK_end"
    },
    {
      "matrix": [
        -0.9999999999999856,
        -1.5099579908939932e-7,
        -8.21618613274985e-8,
        0,
        1.3228134121152318e-8,
        -0.5441331802260941,
        0.83899864394956,
        0,
        -1.713922655755133e-7,
        0.8389986439495466,
        0.5441331802260877,
        0,
        0,
        -0.05692003294825554,
        0.3699255287647247,
        1
      ],
      "name": "ArmatureNatureChickenHeadIK",
      "children": [
        2
      ]
    },
    {
      "matrix": [
        1,
        2.7550648847397355e-40,
        2.6469779601696886e-23,
        0,
        2.755064884739736e-40,
        1.0000000000000002,
        -2.0816681711721682e-17,
        0,
        -2.6469779601696883e-23,
        2.0816681711721676e-17,
        0.9999999999999999,
        0,
        0,
        0.022586265578866005,
        8.673617379884035e-19,
        1
      ],
      "name": "ArmatureNatureChickenFootFL_end"
    },
    {
      "matrix": [
        0.9999999999998277,
        2.909041718623419e-8,
        5.863609544575985e-7,
        0,
        9.136930046084112e-8,
        0.9788896678421926,
        -0.20438879561567969,
        0,
        -5.799285044101468e-7,
        0.20438881998074412,
        0.9788897845347773,
        0,
        8.465366185816947e-10,
        0.019912630319595333,
        3.723830133139927e-10,
        1
      ],
      "name": "ArmatureNatureChickenFootFL",
      "children": [
        4
      ]
    },
    {
      "matrix": [
        0.9999643779687458,
        0.008433479922778734,
        8.27839990726631e-7,
        0,
        -0.002706018416364911,
        0.3209477094601498,
        -0.9470930499463152,
        0,
        -0.00798755639116981,
        0.9470593667770761,
        0.32095911693345164,
        0,
        -6.058029008992882e-10,
        0.04452812671661378,
        -1.0276224315930449e-11,
        1
      ],
      "name": "ArmatureNatureChickenFootML",
      "children": [
        5
      ]
    },
    {
      "matrix": [
        0.9999999999999999,
        1.46936793852786e-39,
        -5.293955920339377e-23,
        0,
        1.4693679385278597e-39,
        0.9999999999999997,
        5.551115123125783e-17,
        0,
        5.293955920339377e-23,
        -5.551115123125784e-17,
        0.9999999999999999,
        0,
        0,
        0.0257035344839096,
        -1.734723475976807e-18,
        1
      ],
      "name": "ArmatureNatureChickenFootHL_end"
    },
    {
      "matrix": [
        0.9999643746225165,
        0.008433876652060173,
        -0.0000010635183619371342,
        0,
        -0.0030242895082256117,
        0.3586932360477954,
        0.9334507241976538,
        0,
        0.007872989276235417,
        -0.9334174108108478,
        0.35870594256999516,
        0,
        -6.058029008992882e-10,
        0.04452812671661378,
        -1.0276224315930449e-11,
        1
      ],
      "name": "ArmatureNatureChickenFootHL",
      "children": [
        7
      ]
    },
    {
      "matrix": [
        0.9986429981671444,
        0.051940620476426884,
        0.003770271472243822,
        0,
        -0.052077288449548564,
        0.996022156389546,
        0.07230531396414737,
        0,
        3.0894906397310566e-7,
        -0.07240353671997941,
        0.99737541972436,
        0,
        2.0638501983805124e-9,
        0.06221807375550269,
        -4.874891605839704e-10,
        1
      ],
      "name": "ArmatureNatureChickenLegLL",
      "children": [
        6,
        8
      ]
    },
    {
      "matrix": [
        -0.9981681321985938,
        0.0024487858620869563,
        0.06045149552303891,
        0,
        -0.06034230239709144,
        0.03204248306353658,
        -0.9976631336241228,
        0,
        -0.0043800796592796615,
        -0.999483388650054,
        -0.031836021991114204,
        0,
        -0.01839574612677098,
        0.1048422455787659,
        -0.053435161709785475,
        1
      ],
      "name": "ArmatureNatureChickenLegUL",
      "children": [
        9
      ]
    },
    {
      "matrix": [
        1,
        -5.293955920339377e-23,
        -2.646977960169688e-23,
        0,
        5.293955920339377e-23,
        1,
        2.7755575615628907e-17,
        0,
        2.6469779601696886e-23,
        -2.7755575615628914e-17,
        1.0000000000000002,
        0,
        -3.469446951953614e-18,
        0.02570353448390961,
        1.734723475976807e-18,
        1
      ],
      "name": "ArmatureNatureChickenFootHR_end"
    },
    {
      "matrix": [
        8.803375385748998e-7,
        -0.008433674577088567,
        -0.9999643763270104,
        0,
        0.9334519653492008,
        0.35868917469337624,
        -0.003024353759472237,
        0,
        0.3587019674238354,
        -0.9334188766074853,
        0.007872747284400987,
        0,
        6.597411495151001e-11,
        0.04452812299132349,
        -2.275465375151109e-9,
        1
      ],
      "name": "ArmatureNatureChickenFootHR",
      "children": [
        11
      ]
    },
    {
      "matrix": [
        1,
        2.527772031748708e-38,
        2.547716286663326e-22,
        0,
        -2.1742053715404414e-38,
        0.9999999999999998,
        -1.3877787807814457e-17,
        0,
        -2.5477162866633257e-22,
        1.3877787807814457e-17,
        0.9999999999999999,
        0,
        -3.469446951953614e-18,
        0.022586265578866005,
        1.734723475976807e-18,
        1
      ],
      "name": "ArmatureNatureChickenFoorFR_end"
    },
    {
      "matrix": [
        0.9999999999985236,
        -4.2875268491055334e-7,
        0.0000016640317426200961,
        0,
        7.959189937332986e-8,
        0.9788896404315632,
        0.20438892689476462,
        0,
        -0.0000017165358376857262,
        -0.20438893907686134,
        0.9788896987765288,
        0,
        -7.071010478532092e-10,
        0.019912628456950184,
        -1.4318590584039281e-10,
        1
      ],
      "name": "ArmatureNatureChickenFoorFR",
      "children": [
        13
      ]
    },
    {
      "matrix": [
        5.947949740150295e-7,
        0.008433436191973861,
        0.9999643783377269,
        0,
        -0.9470961498732762,
        0.3209385605665603,
        -0.0027061479415401717,
        0,
        -0.3209499694576453,
        -0.9470624675738035,
        0.007987466316353276,
        0,
        6.597411495151001e-11,
        0.04452812299132349,
        -2.275465375151109e-9,
        1
      ],
      "name": "ArmatureNatureChickenFootMR",
      "children": [
        14
      ]
    },
    {
      "matrix": [
        -0.9973723054148197,
        -0.07240353562597864,
        -0.002444177125206723,
        0,
        -0.07243273528375314,
        0.9960225118818453,
        0.05189998418532487,
        0,
        -0.0013232863620992977,
        0.051940623641291594,
        -0.9986492383813601,
        0,
        -2.0008883352268247e-10,
        0.06221807003021243,
        4.360686044896367e-9,
        1
      ],
      "name": "ArmatureNatureChickenLegLR",
      "children": [
        12,
        15
      ]
    },
    {
      "matrix": [
        -0.001934057330028836,
        0.9994863265103993,
        0.03198413533544833,
        0,
        0.06033630113149551,
        0.03204255940521359,
        -0.9976635538767409,
        0,
        -0.9981760531059418,
        2.6591178400525927e-7,
        -0.06036728731637554,
        0,
        0.018395422026515017,
        0.1048422455787659,
        -0.05343527719378474,
        1
      ],
      "name": "ArmatureNatureChickenLegUR",
      "children": [
        16
      ]
    },
    {
      "matrix": [
        1,
        -2.64697796016969e-23,
        -1.3234889800848438e-23,
        0,
        2.6469779601696886e-23,
        0.9999999999999997,
        -8.326672684688674e-17,
        0,
        1.3234889800848438e-23,
        8.326672684688674e-17,
        0.9999999999999998,
        0,
        0,
        0.058346152305603055,
        -1.3877787807814457e-17,
        1
      ],
      "name": "ArmatureNatureChickenTail_end"
    },
    {
      "matrix": [
        -0.9999999999948226,
        1.5099579909275598e-7,
        0.000003214456683051023,
        0,
        0.0000015762276356402837,
        -0.8478824534823076,
        0.5301842557774977,
        0,
        0.0000028055363455132737,
        0.5301841293740422,
        0.8478822513267494,
        0,
        9.567073533389713e-8,
        0.004292765632271753,
        0.03176134079694751,
        1
      ],
      "name": "ArmatureNatureChickenTail",
      "children": [
        18
      ]
    },
    {
      "matrix": [
        1.0000000000000002,
        5.551115123125783e-17,
        -2.888894916580853e-34,
        0,
        -5.551115123125783e-17,
        1.0000000000000002,
        -1.0408340855860841e-17,
        0,
        -2.888894916580853e-34,
        1.0408340855860841e-17,
        1.0000000000000002,
        0,
        1.3877787807814457e-17,
        0.12805141508579254,
        1.3877787807814457e-17,
        1
      ],
      "name": "ArmatureNatureChickenWingLL_end"
    },
    {
      "matrix": [
        0.9987384293454705,
        -0.05019999519852632,
        0.0012289144032315083,
        0,
        0.04653776570872183,
        0.9345159597449234,
        0.35286563638992174,
        0,
        -0.018862292251198964,
        -0.35236325952499853,
        0.9356731416785794,
        0,
        4.656613289411027e-10,
        0.07895127683877946,
        -1.6298144916992996e-9,
        1
      ],
      "name": "ArmatureNatureChickenWingLL",
      "children": [
        20
      ]
    },
    {
      "matrix": [
        -0.020763093912940844,
        -0.39325575352786857,
        0.9191946509028385,
        0,
        -0.24627925290272024,
        -0.889050353643478,
        -0.3859222697332785,
        0,
        0.9689764246840084,
        -0.23439149825527225,
        -0.07839129252002175,
        0,
        -0.05225428193807604,
        0.07072349637746814,
        0.020304106175899533,
        1
      ],
      "name": "ArmatureNatureChicken_WingUL",
      "children": [
        21
      ]
    },
    {
      "matrix": [
        1.0000000000000002,
        -2.2333876538931753e-23,
        4.032505486196011e-23,
        0,
        2.2333876538931744e-23,
        0.9999999999999999,
        4.5030739835633304e-46,
        0,
        -4.03250548619601e-23,
        4.503073983563331e-46,
        1,
        0,
        0,
        0.03520165011286732,
        -1.1102230246251565e-16,
        1
      ],
      "name": "ArmatureNatureChickenPeckerU_end"
    },
    {
      "matrix": [
        -0.999999999999849,
        3.863306403778293e-7,
        -3.8941437767186477e-7,
        0,
        -3.378080875626624e-7,
        0.12559878098118815,
        0.9920813590896365,
        0,
        4.321812948560906e-7,
        0.9920811225590471,
        -0.12559875103596263,
        0,
        1.110223057712381e-16,
        0.06530810892581951,
        -2.7755575615628914e-17,
        1
      ],
      "name": "ArmatureNatureChickenPeckerU",
      "children": [
        23
      ]
    },
    {
      "matrix": [
        1,
        -2.6469779601696886e-23,
        4.632211430296955e-23,
        0,
        2.6469779601696886e-23,
        1,
        6.130680781421075e-46,
        0,
        -4.632211430296955e-23,
        6.130680781421075e-46,
        1,
        0,
        -2.6469779601696886e-23,
        0.03664169833064079,
        -1.1102230246251565e-16,
        1
      ],
      "name": "ArmatureNatureChickenPeckerL_end"
    },
    {
      "matrix": [
        -0.9999999999999013,
        3.8941437774431023e-7,
        -2.1254649579410138e-7,
        0,
        -2.3794889265610803e-7,
        -0.06643818327998226,
        0.9977906625244555,
        0,
        3.744327599691587e-7,
        0.9977904841055556,
        0.06643817139999712,
        0,
        1.110223057712381e-16,
        0.06530810892581951,
        -2.7755575615628914e-17,
        1
      ],
      "name": "ArmatureNatureChickenPeckerL",
      "children": [
        25
      ]
    },
    {
      "matrix": [
        0.9999999999999959,
        9.092516961572971e-8,
        2.848303104485693e-8,
        0,
        -9.450263353605007e-8,
        0.9083105231533611,
        0.41829625280450894,
        0,
        1.2162220181601763e-8,
        -0.4182962278721073,
        0.9083104690138333,
        0,
        -1.5543122344752192e-15,
        0.04955320060253149,
        7.450580152834618e-9,
        1
      ],
      "name": "ArmatureNatureChickenHead",
      "children": [
        24,
        26
      ]
    },
    {
      "matrix": [
        0.9999999999999915,
        -1.281605506164847e-7,
        -1.383329095716593e-8,
        0,
        1.1010991362292137e-7,
        0.9050599856950305,
        -0.42528365107905786,
        0,
        6.702452902639018e-8,
        0.425283549683517,
        0.905059769911896,
        0,
        2.220446115424762e-16,
        0.06205666065216059,
        -3.725290728673336e-9,
        1
      ],
      "name": "ArmatureNatureChickenNeck",
      "children": [
        27
      ]
    },
    {
      "matrix": [
        -0.9999999999993783,
        -1.5042311932926252e-7,
        0.0000011046701154780744,
        0,
        5.284015339020592e-7,
        0.8085449985946027,
        0.5884339456644846,
        0,
        -9.81689800645884e-7,
        0.5884340859583211,
        -0.8085451913662158,
        0,
        1.6653345634075144e-15,
        0.05190858244895938,
        -7.450582345525092e-9,
        1
      ],
      "name": "ArmatureNatureChickenChest",
      "children": [
        28
      ]
    },
    {
      "matrix": [
        1,
        5.551115123125783e-17,
        1.4444474582904269e-34,
        0,
        -5.5511151231257815e-17,
        0.9999999999999998,
        5.20417042793042e-18,
        0,
        1.444447458290426e-34,
        -5.204170427930418e-18,
        0.9999999999999994,
        0,
        1.3877787807814457e-17,
        0.12805141508579257,
        0,
        1
      ],
      "name": "ArmatureNatureChickenLR_end"
    },
    {
      "matrix": [
        0.9987383671668637,
        -0.05020005548304944,
        -0.0012284824294902874,
        0,
        0.04653797654024157,
        0.9345159386457994,
        -0.35286566446241335,
        0,
        0.018861915717554203,
        0.3523633694754303,
        0.9356732989703076,
        0,
        7.101334617565236e-9,
        0.07895123958587652,
        5.238689468334279e-9,
        1
      ],
      "name": "ArmatureNatureChickenLR",
      "children": [
        30
      ]
    },
    {
      "matrix": [
        0.020764374230775418,
        -0.3932557251411482,
        0.9191944395929934,
        0,
        0.24627789717252982,
        -0.8890505335776048,
        -0.3859227203853817,
        0,
        0.9689762219466905,
        0.2343906196704398,
        0.07838958234284217,
        0,
        0.05225431919097901,
        0.07072348892688754,
        0.020304018631577464,
        1
      ],
      "name": "ArmatureNatureChickenWingUR",
      "children": [
        31
      ]
    },
    {
      "matrix": [
        0.9999999999974244,
        -5.098293627257632e-7,
        -0.000002211729224653044,
        0,
        0.0000016419692976046365,
        0.8352604681159647,
        0.5498543727121922,
        0,
        0.0000015670380830976292,
        -0.5498543727144075,
        0.8352604681146503,
        0,
        2.5276967582461764e-14,
        0.09348115324974061,
        -2.828892320394516e-8,
        1
      ],
      "name": "ArmatureNatureChickenBelly",
      "children": [
        22,
        29,
        32
      ]
    },
    {
      "matrix": [
        -0.9999999999978745,
        -1.1839146214193548e-7,
        -0.000002058344431901801,
        0,
        -3.496993729061809e-8,
        0.9991802958160148,
        -0.040481309922236114,
        0,
        0.000002061449839830003,
        -0.0404813099220781,
        -0.9991802958138951,
        0,
        -2.6469779601696886e-23,
        0.21898452937602997,
        -2.7755575615628914e-17,
        1
      ],
      "name": "ArmatureNatureChickenButt",
      "children": [
        10,
        17,
        19,
        33
      ]
    },
    {
      "matrix": [
        0.9999999999996249,
        -1.7255095367810247e-22,
        -8.662515256218109e-7,
        0,
        -7.57301165523265e-14,
        -0.9999999999999958,
        -8.742277980449927e-8,
        0,
        -8.662515256218075e-7,
        8.742277980453208e-8,
        -0.9999999999996207,
        0,
        0,
        0.3311537206172943,
        0.16557686030864718,
        1
      ],
      "name": "ArmatureNatureChickenRoot",
      "children": [
        34
      ]
    },
    {
      "matrix": [
        100,
        0,
        0,
        0,
        0,
        -0.0000162920679613876,
        -99.99999999999864,
        0,
        0,
        99.99999999999864,
        -0.0000162920679613876,
        0,
        0,
        0,
        0,
        1
      ],
      "name": "ArmatureNatureChicken",
      "children": [
        3,
        35
      ]
    },
    {
      "matrix": [
        -2.358100452756712,
        -3.8406847494537796e-17,
        -0.0009154218097899776,
        0,
        4.442288130026599e-16,
        2.35810063044148,
        2.7094384322751634e-17,
        0,
        0.0009154218097904276,
        1.5801018659847706e-16,
        -2.358100452756713,
        0,
        0.6500738628017736,
        -58.16444701003496,
        -3.5215730843315596,
        1
      ],
      "name": "chicken_wthtext",
      "children": [
        1,
        36
      ]
    },
    {
      "matrix": [
        1,
        0,
        0,
        0,
        0,
        1,
        0,
        0,
        0,
        0,
        1,
        0,
        0,
        49.129971173088386,
        0,
        1
      ],
      "name": "rotator",
      "children": [
        37
      ]
    },
    {
      "matrix": [
        1,
        0,
        0,
        0,
        0,
        1,
        0,
        0,
        0,
        0,
        1,
        0,
        -1.7053025658242404e-13,
        -49.13,
        2.2737367544323206e-13,
        1
      ],
      "name": "container",
      "children": [
        38
      ]
    },
    {
      "matrix": [
        -0.9699628243409799,
        9.267475461679429e-17,
        0.24325320017724256,
        0,
        1.1878618681211075e-16,
        1,
        9.267475461679429e-17,
        0,
        -0.24325320017724256,
        1.1878618681211075e-16,
        -0.9699628243409799,
        0,
        15.368803235174028,
        -10.530144672872382,
        85.83957138988569,
        1
      ],
      "name": "pig",
      "children": [
        39
      ]
    },
    {
      "matrix": [
        1,
        0,
        0,
        0,
        0,
        1,
        0,
        0,
        0,
        0,
        1,
        0,
        0,
        1.1331301133082246e-13,
        578.5619098750001,
        1
      ],
      "camera": 0
    },
    {
      "matrix": [
        1,
        0,
        0,
        0,
        0,
        1,
        0,
        0,
        0,
        0,
        1,
        0,
        0,
        1,
        0,
        1
      ],
      "name": "Default Ambient Light"
    },
    {
      "name": "Scene",
      "children": [
        40,
        41,
        42
      ]
    }
  ],
  "bufferViews": [
    {
      "buffer": 0,
      "byteOffset": 0,
      "byteLength": 36396,
      "target": 34962,
      "byteStride": 12
    },
    {
      "buffer": 0,
      "byteOffset": 36396,
      "byteLength": 36396,
      "target": 34962,
      "byteStride": 12
    },
    {
      "buffer": 0,
      "byteOffset": 72792,
      "byteLength": 24264,
      "target": 34962,
      "byteStride": 8
    }
  ],
  "buffers": [
    {
      "byteLength": 97056,
